13 14 13 16 13 16 16 15 14 13 13 16 13 16 13 13 14 13 15 13 13 15 14 13 16 13 13 14 13 13 13 15 16 13 13 15 13
13 24 19 17 2 1 0 5 1 18 18 24 18 18 18 5 1 0 0 5 5 1 18 22 18 18 0 4 0 6 8 7 7 0 0 12 13
13 18 21 3 0 0 0 1 1 0 18 18 0 0 18 0 0 1 18 0 5 1 18 18 18 0 0 5 5 5 0 9 0 18 12 0 0
14 20 4 5 7 8 5 5 9 10 12 0 0 0 17 19 18 18 18 0 1 5 18 0 5 0 0 17 18 2 0 9 0 17 0 0 14
0 0 0 0 0 6 0 5 0 0 0 0 23 0 0 0 0 5 5 6 1 0 0 10 18 0 9 20 23 0 0 0 9 19 0 0 14
15 18 5 0 0 0 5 5 5 0 0 23 18 5 0 1 1 0 0 0 4 0 10 18 18 19 12 20 0 0 8 0 12 18 22 0 16
15 18 0 0 0 0 0 0 0 0 18 18 18 27 17 0 2 7 9 0 0 0 0 18 18 28 26 17 0 0 8 5 0 18 25 25 16
13 19 9 19 18 18 18 18 18 0 12 28 17 18 18 18 18 18 0 0 0 0 0 18 17 18 18 18 18 18 0 21 21 18 18 26 16
16 0 9 5 0 1 7 0 0 0 0 0 18 24 18 1 0 0 0 0 9 0 0 0 18 23 0 0 5 0 9 0 0 0 0 0 13
13 0 1 5 19 1 0 0 0 1 19 18 22 20 0 1 0 0 0 1 1 1 1 1 1 8 0 0 0 5 5 0 18 0 6 0 13
15 7 1 5 23 1 0 18 1 0 0 21 18 0 0 1 0 0 23 18 18 0 0 1 18 0 0 0 0 0 0 5 23 19 18 23 14
13 0 1 0 18 0 1 23 0 0 0 20 18 18 0 0 0 8 0 0 18 0 0 1 18 18 18 18 0 0 5 0 0 5 10 0 13
15 0 0 19 17 1 6 24 0 0 0 19 18 18 18 8 0 2 0 0 18 18 17 19 18 0 0 18 2 6 5 5 0 0 0 0 15
14 0 3 0 0 0 0 19 7 0 0 18 24 18 18 0 9 8 0 0 0 18 25 24 18 0 0 0 0 5 5 0 0 6 0 0 13
13 18 18 18 18 18 22 18 0 0 18 27 18 18 18 18 18 18 1 0 18 18 18 19 18 18 18 18 18 0 0 18 18 18 18 27 13
15 18 9 4 1 5 5 0 12 5 0 0 18 26 18 0 0 9 9 0 1 0 5 0 18 18 18 0 0 0 0 0 5 1 7 10 16
14 26 2 8 0 0 5 0 0 5 18 18 18 25 10 8 0 9 10 0 0 5 5 0 18 18 0 0 0 8 0 0 0 3 1 0 14
13 24 10 18 18 18 5 0 0 18 18 2 18 0 0 0 0 0 7 0 0 0 0 0 18 3 0 12 0 8 0 18 18 17 18 0 13
13 23 9 0 0 18 3 0 18 18 1 1 0 0 5 23 18 18 18 23 18 18 0 0 0 0 0 18 12 0 0 18 1 0 18 0 15
13 22 22 18 18 18 9 0 0 6 0 0 18 0 5 18 0 9 0 0 0 18 0 0 18 18 18 18 0 0 0 18 1 0 18 0 14
15 0 5 5 3 0 0 0 0 10 0 0 19 0 1 5 0 0 9 9 0 0 0 18 21 0 0 4 0 0 0 26 0 7 0 3 13
13 16 13 13 13 13 14 15 13 16 15 14 13 13 13 13 13 13 13 16 15 13 13 13 13 13 14 13 13 13 13 16 13 14 13 15 15
