13 13 13 13 13 13 13 13 14 14 14 14 14 14 14 14 14 15 14 14 14 13 13 13 14 14 14 14 14 14 14 14 14 14 14 14 14 14 14 14 14 14 14 14 14 14 14 14 14
16 1 2 1 10 1 22 22 18 18 23 21 17 18 18 22 22 18 17 21 9 5 9 5 6 6 0 6 6 6 8 3 21 4 2 6 18 1 22 21 22 22 22 21 22 22 22 22 14
16 6 18 18 18 22 21 1 1 1 1 1 18 5 5 1 5 1 4 18 22 5 5 9 18 6 17 18 22 22 18 18 23 2 9 6 6 6 6 21 1 6 4 22 9 6 6 9 14
13 1 1 1 1 22 22 1 22 18 22 1 6 5 9 5 5 9 5 3 21 18 22 5 18 6 6 6 1 6 6 2 17 25 17 0 17 0 9 22 9 6 6 22 6 12 22 6 14
1 1 1 1 1 18 24 28 22 1 1 0 6 6 1 5 9 1 5 17 18 26 18 9 18 9 6 9 6 22 18 18 18 23 22 10 18 6 9 22 6 10 9 22 2 21 22 6 14
13 1 1 0 1 0 18 22 2 1 1 1 22 5 9 0 5 1 5 18 2 18 5 5 18 2 6 9 6 18 2 6 6 7 18 18 21 6 6 22 6 9 6 22 22 22 6 9 13
16 22 22 1 1 1 1 1 1 10 0 12 18 8 7 1 5 5 5 12 9 5 7 12 18 18 6 6 6 6 6 9 3 22 22 21 18 6 6 6 9 6 9 6 6 8 0 3 13
16 22 22 22 23 18 18 6 18 18 23 18 18 18 22 22 18 17 18 18 18 22 18 18 17 18 18 18 6 6 9 18 22 18 22 18 21 18 18 18 18 1 1 18 18 18 23 18 13
16 0 6 6 18 25 6 6 6 6 9 4 23 18 25 23 18 6 6 10 9 9 9 6 17 5 9 5 6 5 9 10 18 18 18 23 18 9 1 1 1 1 1 1 9 9 1 1 13
16 6 6 0 22 18 18 6 6 6 0 6 18 0 18 18 23 23 18 6 9 6 6 9 17 5 9 6 5 9 3 23 18 10 9 6 18 1 18 1 1 1 9 1 1 1 9 7 13
16 6 1 1 22 6 6 1 1 6 6 6 6 6 0 0 0 18 23 25 18 9 6 10 9 6 9 6 5 18 18 18 2 6 9 5 1 9 18 1 1 1 18 18 18 25 18 18 13
16 6 22 22 22 6 0 6 6 6 6 0 6 6 6 6 0 3 18 23 23 18 9 6 9 9 5 5 18 18 2 5 5 9 5 10 1 1 18 8 7 21 18 9 3 18 18 1 16
13 6 0 6 6 6 6 0 18 23 23 9 23 6 0 6 9 6 0 18 18 22 22 3 18 5 3 18 18 9 5 9 6 9 6 5 23 9 18 18 18 9 1 9 1 1 9 1 16
16 5 6 6 0 6 6 0 6 23 18 18 23 5 6 0 0 0 6 0 3 18 23 18 18 23 18 18 5 5 9 5 9 5 9 12 18 8 1 18 21 7 9 1 1 1 9 3 13
14 18 18 22 18 18 6 9 18 18 21 25 23 18 18 18 18 6 0 10 18 18 26 22 18 22 18 18 18 18 9 9 18 18 18 18 23 18 18 23 21 18 18 23 18 18 6 18 14
15 18 21 21 18 1 1 0 1 18 21 25 18 1 1 1 1 1 0 6 1 1 18 18 22 18 18 18 1 1 9 1 1 1 1 1 18 1 18 18 18 25 25 18 8 1 1 23 14
15 23 25 18 1 1 0 1 3 18 21 23 18 0 1 0 9 6 1 1 10 18 18 1 18 0 1 18 18 18 1 9 9 0 1 1 18 1 1 1 18 23 25 23 18 1 1 1 14
15 18 18 18 18 1 0 1 23 18 18 18 23 1 0 1 1 6 6 22 18 18 1 10 18 1 1 1 1 18 6 6 9 9 1 9 1 1 1 1 18 18 18 18 23 18 1 1 14
15 4 18 23 1 1 0 1 1 1 0 2 18 10 1 18 6 10 6 0 1 1 0 1 22 1 0 1 1 0 6 6 9 0 1 0 18 1 1 1 1 1 4 18 18 18 21 1 13
16 9 1 1 1 1 1 0 1 1 0 1 23 18 18 18 6 1 10 6 1 1 6 1 18 0 9 0 1 0 9 1 18 18 18 3 21 1 1 1 1 1 1 1 1 1 1 3 14
16 1 1 23 21 1 1 1 3 18 18 18 18 23 0 1 0 1 1 1 10 1 0 3 18 1 1 1 1 1 0 1 1 3 18 22 14 18 21 18 1 1 1 1 1 1 18 18 12
14 18 18 18 23 6 6 6 18 18 21 21 18 18 18 18 18 22 0 6 0 18 18 22 18 18 18 18 18 0 9 18 18 22 18 18 14 18 23 18 18 6 6 18 21 18 21 18 14
16 21 22 18 1 1 1 1 1 18 18 25 18 2 2 0 1 1 1 10 5 1 5 5 1 5 0 1 1 9 1 1 1 1 5 1 14 1 6 5 1 1 3 18 18 1 1 5 14
16 25 23 18 6 6 0 1 1 1 18 18 18 2 21 21 18 22 22 1 1 1 1 1 5 1 1 18 6 6 6 1 18 21 1 0 14 1 5 1 6 18 24 21 8 4 1 1 14
16 18 18 4 1 6 6 9 1 0 1 1 18 1 5 0 1 4 18 5 5 1 18 1 18 5 1 18 0 1 3 18 18 18 18 9 14 1 1 6 1 5 18 21 18 1 5 13 14
16 18 18 18 1 1 1 0 9 6 1 1 6 1 1 5 9 1 18 18 1 3 22 1 18 1 1 18 21 18 18 18 1 1 18 9 14 5 5 1 1 3 21 18 5 1 13 13 13
16 0 1 1 1 1 1 1 1 1 1 0 18 1 1 6 10 1 1 18 1 18 18 1 18 0 1 18 18 1 5 1 9 0 1 1 14 1 1 6 18 18 18 1 1 1 5 13 14
16 7 12 8 7 21 18 18 18 18 18 12 18 5 1 6 5 5 1 1 1 1 7 3 18 1 0 1 1 1 1 0 1 5 1 3 14 1 1 5 5 1 1 1 1 3 1 8 8
16 16 16 16 16 16 16 16 16 16 16 16 16 16 16 16 16 16 16 16 16 16 16 16 18 16 16 16 16 16 16 16 16 16 16 16 14 14 14 14 14 14 14 14 14 14 14 14 14
