30 30 30 30 30 30 30 30 30 30 30 30 30 30 30 30 30 30 30 30 30 30 30 30 30 30 30 30 30 30 30 30 30 30 30 30 30
30 30 30 30 30 30 30 30 29 30 30 30 30 30 30 30 30 30 30 30 30 29 30 30 30 30 30 30 30 30 30 30 30 30 30 29 30
30 30 30 30 30 30 30 30 30 29 30 30 30 29 30 30 30 29 30 30 30 29 30 30 30 30 30 30 30 30 30 30 29 30 30 30 30
30 30 30 30 30 30 30 30 30 30 30 30 30 29 30 30 30 30 30 30 30 29 30 30 30 30 29 30 30 30 30 30 29 30 30 29 30
35 31 30 30 30 30 30 30 30 30 30 29 30 30 30 30 30 30 30 30 30 30 30 29 30 32 29 30 30 30 30 30 29 30 30 29 30
30 30 30 30 30 30 30 30 30 30 29 30 30 30 30 31 30 30 30 30 30 30 29 30 30 30 29 30 30 30 30 30 29 30 30 29 30
30 30 30 30 30 30 30 30 30 29 30 30 30 30 30 30 30 30 30 30 30 30 29 30 30 30 30 30 30 30 30 30 29 30 30 30 30
30 30 29 30 30 30 30 30 30 30 29 30 30 30 30 30 30 30 30 30 30 30 29 30 30 30 30 30 30 30 29 30 30 30 30 30 30
30 30 30 30 30 30 30 30 30 30 30 29 30 30 30 30 30 30 30 30 30 30 30 29 30 30 30 30 30 30 30 30 30 30 30 29 30
30 30 30 30 30 30 30 30 30 30 30 29 30 30 30 30 30 30 30 30 30 30 30 30 30 30 30 30 30 30 30 29 30 30 30 29 30
30 30 30 30 30 30 34 30 30 30 30 29 30 30 30 30 30 29 30 30 30 30 30 29 30 30 30 30 30 30 30 29 30 30 30 30 30
30 30 30 30 30 30 30 30 30 30 30 29 30 30 30 30 30 30 30 29 30 30 30 29 30 30 30 30 30 30 30 30 30 30 30 29 30
30 30 30 30 30 30 30 30 30 30 30 29 30 30 30 30 30 30 30 29 30 30 30 30 30 30 29 30 30 30 30 30 30 30 30 29 30
30 30 32 30 30 30 30 30 30 30 30 29 30 30 30 30 30 30 30 31 29 30 30 30 30 30 30 30 30 30 30 30 30 30 30 29 30
30 30 30 30 30 30 30 30 30 29 30 30 30 30 30 30 30 30 30 29 30 30 30 30 30 30 30 30 30 30 29 30 30 30 30 30 30
30 30 30 30 30 30 30 30 30 30 30 29 30 30 30 30 30 30 32 30 30 30 30 29 30 30 30 30 30 30 30 30 30 30 30 29 30
30 30 30 30 30 30 30 30 30 29 30 30 30 30 30 30 30 30 30 30 30 30 30 29 30 30 30 30 30 30 30 30 30 30 30 29 30
30 30 29 30 30 30 30 30 29 30 30 29 30 30 30 30 30 30 30 30 30 30 30 29 30 30 30 33 30 30 29 30 30 30 30 29 30
30 30 30 30 29 30 30 29 30 30 30 30 30 30 29 30 30 30 30 30 30 30 30 30 30 30 29 30 30 30 29 30 30 29 30 29 30
30 30 30 30 30 30 30 30 30 30 30 29 30 30 29 30 30 30 30 30 29 30 30 29 30 30 30 30 30 30 29 30 30 29 30 29 30
30 30 30 30 30 34 30 30 30 30 30 29 30 30 30 30 30 30 30 30 30 30 29 30 30 30 30 30 30 30 29 30 30 30 30 29 30
30 30 30 30 30 30 30 30 30 30 30 30 30 30 30 30 30 30 30 30 30 30 30 30 30 30 30 30 30 30 30 30 30 30 30 30 30
